18.87284942085788
14.454378442170746
20.01065032544112
18.375093262924043
17.44131447928712
15.99427283926334
18.711462646265897
-26.68728385429126
21.791818475664446
17.217508661769887
30.264023254266757
13.150200220561477
28.089470779295347
20.740934690403275
29.25705034547245
27.521915183436015
-23.671526615809306
31.209764557970797
29.651236042656322
32.0598022175027
-26.19103557296521
29.310930116071567
31.466060201448844
31.052348848431482
31.894003923284018
32.600004123224544
34.16337900070884
15.006313168838645
32.08360616732902
24.65656330094833
22.03650014952538
34.98773203294665
35.79781195135782
39.140047452595
-4.726851742956551
39.896269519008015
42.95023467497413
48.75514276663558
60.69141467201932
63.173403035912095
62.06199788252899
66.69510776501842
70.6426798048618
71.17226833126112
71.90937476670786
65.25813809550061
66.72907467376277
70.0239978203915
71.1608419526173
71.4025287795765
61.68527048755178
73.01430023342276
69.61889577300182
65.39895625347143
73.96540531973352
75.9879213862075
70.85373335147275
81.76175214302253
83.18699656459434
75.800245876673
76.24487933310525
69.87548006097379
79.76746295359796
74.6476698023896
60.366797362655376
103.24970899344162
108.99339264783544
119.56436240295412
113.74495850762615
236.8964385645131
370.14289757857483
188.3487491806149
366.93699863165057
283.4395012598733
1083.1995857685292
310.0746454180156
948.1188605828185
1007.1974869054663
860.5153349437545
1024.0681996142516
997.7301341164534
283.9164698227397
951.9005020623197
852.0433436375068
992.2253773258598
929.716421911827
1062.5675112402075
1036.3810909083663
1099.2665743025827
483.78400201058435
1018.4253058373499
1075.1930549477172
1131.271068603244
1170.5938914137525
1185.6894426843157
